time	V(buf)
0.000000000000000e+00	9.875649e-01
1.953125022824409e-10	9.875645e-01
3.906250045648818e-10	9.875641e-01
3.125000036519054e-09	9.875579e-01
1.250000014607622e-08	9.875345e-01
2.500000029215244e-08	9.875007e-01
5.000000058430487e-08	9.874279e-01
1.000000011686097e-07	9.872717e-01
2.000000023372195e-07	9.869453e-01
8.000000093488779e-07	9.849510e-01
1.326910714793226e-04	5.462521e-01
2.645821429492963e-04	1.076223e-01
3.964732144192700e-04	-3.309382e-01
5.283642858892437e-04	-7.694297e-01
6.602553573592174e-04	-1.207852e+00
7.921464288291912e-04	-1.646205e+00
9.240375002991646e-04	-2.084489e+00
9.379883931563074e-04	-2.130843e+00
9.519392860134503e-04	-2.177197e+00
9.658901788705931e-04	-2.223549e+00
9.798410717277359e-04	-2.269901e+00
9.937919645848789e-04	-2.316252e+00
1.007742857442022e-03	-2.362602e+00
1.021693750299165e-03	-2.408951e+00
1.041225000299165e-03	-2.473838e+00
1.060756250299165e-03	-2.538723e+00
1.063128416509379e-03	-2.546603e+00
1.067872748929807e-03	-2.562364e+00
1.068749895932856e-03	-2.565278e+00
1.070504189938954e-03	-2.571105e+00
1.070942763440478e-03	-2.572562e+00
1.071819910443527e-03	-2.575475e+00
1.072039197194289e-03	-2.576202e+00
1.072477770695813e-03	-2.577652e+00
1.072555260358307e-03	-2.577906e+00
1.072574632773930e-03	-2.577968e+00
1.072613377605177e-03	-2.578090e+00
1.072690867267670e-03	-2.578326e+00
1.072710239683294e-03	-2.578377e+00
1.072748984514540e-03	-2.578459e+00
1.072758670722352e-03	-2.578469e+00
1.072778043137975e-03	-2.578410e+00
1.072816787969222e-03	-2.578030e+00
1.072823157602494e-03	-2.577821e+00
1.072835896869037e-03	-2.576845e+00
1.072853339405507e-03	-2.574528e+00
1.072871607533980e-03	-2.571116e+00
1.072891277358923e-03	-2.567600e+00
1.072919711805076e-03	-2.565030e+00
1.072943050220350e-03	-2.565658e+00
1.072966301369361e-03	-2.568132e+00
1.072996518325556e-03	-2.572147e+00
1.073014962585611e-03	-2.574291e+00
1.073026522271254e-03	-2.574715e+00
1.073036283799863e-03	-2.574455e+00
1.073042819836440e-03	-2.574494e+00
1.073050528526067e-03	-2.574941e+00
1.073058547837073e-03	-2.575583e+00
1.073070711197571e-03	-2.576668e+00
1.073088151278645e-03	-2.578075e+00
1.073123031440792e-03	-2.580153e+00
1.073158133477554e-03	-2.581316e+00
1.073201918879782e-03	-2.581723e+00
1.073256608152400e-03	-2.581423e+00
1.073311803923853e-03	-2.580714e+00
1.073383367848231e-03	-2.579690e+00
1.073458831295159e-03	-2.578809e+00
1.073568212425329e-03	-2.577959e+00
1.073705689374635e-03	-2.577326e+00
1.073905375232121e-03	-2.576742e+00
1.074099048465036e-03	-2.576203e+00
1.074364988390550e-03	-2.575351e+00
1.074759791275542e-03	-2.574040e+00
1.075191635993290e-03	-2.572638e+00
1.076055325428786e-03	-2.569828e+00
1.077115861588357e-03	-2.566369e+00
1.079225272272475e-03	-2.559489e+00
1.083444093640713e-03	-2.545719e+00
1.089643774701874e-03	-2.525477e+00
1.099691807896233e-03	-2.492662e+00
1.235854704396371e-03	-2.047964e+00
1.372017600896509e-03	-1.603575e+00
1.508180497396646e-03	-1.159495e+00
1.644343393896784e-03	-7.157218e-01
1.780506290396922e-03	-2.722573e-01
1.916669186897060e-03	1.708991e-01
2.052832083397198e-03	6.137472e-01
2.122586547682912e-03	8.404773e-01
2.192341011968627e-03	1.067120e+00
2.262095476254341e-03	1.293675e+00
2.331849940540055e-03	1.520142e+00
2.401604404825770e-03	1.746522e+00
2.471358869111484e-03	1.972815e+00
2.541113333397198e-03	2.199019e+00
2.580175833397198e-03	2.325655e+00
2.599707083397198e-03	2.388962e+00
2.619238333397198e-03	2.452262e+00
2.621679739647198e-03	2.460174e+00
2.626562552147198e-03	2.475997e+00
2.627783255272198e-03	2.479952e+00
2.630224661522198e-03	2.487861e+00
2.630675837780136e-03	2.489322e+00
2.630788631844621e-03	2.489687e+00
2.631014219973590e-03	2.490415e+00
2.631465396231528e-03	2.491860e+00
2.631578190296013e-03	2.492214e+00
2.631606388812134e-03	2.492299e+00
2.631662785844376e-03	2.492444e+00
2.631775579908861e-03	2.492631e+00
2.631800362551756e-03	2.492521e+00
2.631849927837544e-03	2.491929e+00
2.631857251165868e-03	2.491906e+00
2.631871897822514e-03	2.492239e+00
2.631894981930889e-03	2.492989e+00
2.631919788288625e-03	2.493335e+00
2.631939371883040e-03	2.493316e+00
2.631957480324710e-03	2.493255e+00
2.631974942385654e-03	2.493217e+00
2.632003647960275e-03	2.493235e+00
2.632036124528275e-03	2.493303e+00
2.632072537640900e-03	2.493449e+00
2.632089607732358e-03	2.493520e+00
2.632108264720245e-03	2.493531e+00
2.632122155762180e-03	2.493527e+00
2.632137556181080e-03	2.493540e+00
2.632154700194658e-03	2.493553e+00
2.632178722891319e-03	2.493573e+00
2.632204766204518e-03	2.493592e+00
2.632237048188057e-03	2.493597e+00
2.632263020818672e-03	2.493570e+00
2.632281366064409e-03	2.493528e+00
2.632303843209146e-03	2.493462e+00
2.632321738159259e-03	2.493404e+00
2.632341276918889e-03	2.493335e+00
2.632366961710935e-03	2.493240e+00
2.632398855741320e-03	2.493118e+00
2.632456912119992e-03	2.492896e+00
2.632543687379417e-03	2.492574e+00
2.632644994750574e-03	2.492217e+00
2.632743831851101e-03	2.491884e+00
2.632894789000983e-03	2.491384e+00
2.633067835652835e-03	2.490812e+00
2.633306073025978e-03	2.490023e+00
2.633563050919799e-03	2.489171e+00
2.633915552312883e-03	2.488001e+00
2.634369175044560e-03	2.486495e+00
2.635111484486217e-03	2.484031e+00
2.635650233733773e-03	2.482244e+00
2.636086702215522e-03	2.480795e+00
2.636473082184152e-03	2.479509e+00
2.636906917420716e-03	2.478068e+00
2.637335282187899e-03	2.476644e+00
2.637733692695589e-03	2.475319e+00
2.638530513710969e-03	2.472670e+00
2.640038852192744e-03	2.467654e+00
2.661155590937595e-03	2.397408e+00
2.786406972634828e-03	1.980641e+00
2.911658354332061e-03	1.563924e+00
3.036909736029294e-03	1.147258e+00
3.162161117726527e-03	7.306431e-01
3.287412499423759e-03	3.140786e-01
3.412663881120992e-03	-1.024351e-01
3.537915262818225e-03	-5.188981e-01
3.613250084246796e-03	-7.693538e-01
3.688584905675367e-03	-1.019785e+00
3.763919727103938e-03	-1.270192e+00
3.839254548532509e-03	-1.520575e+00
3.914589369961080e-03	-1.770933e+00
3.989924191389651e-03	-2.021267e+00
4.065259012818222e-03	-2.271577e+00
4.104321512818221e-03	-2.401356e+00
4.123852762818221e-03	-2.466242e+00
4.143384012818220e-03	-2.531128e+00
4.145825419068221e-03	-2.539238e+00
4.150708231568221e-03	-2.555459e+00
4.151928934693220e-03	-2.559514e+00
4.154370340943221e-03	-2.567623e+00
4.154980692505721e-03	-2.569650e+00
4.155133280396346e-03	-2.570156e+00
4.155438456177596e-03	-2.571168e+00
4.155514750122908e-03	-2.571421e+00
4.155667338013533e-03	-2.571924e+00
4.155705484986189e-03	-2.572050e+00
4.155781778931502e-03	-2.572298e+00
4.155800852417830e-03	-2.572360e+00
4.155838999390486e-03	-2.572479e+00
4.155915293335799e-03	-2.572705e+00
4.155934366822127e-03	-2.572750e+00
4.155972513794784e-03	-2.572807e+00
4.155982050537948e-03	-2.572803e+00
4.156001124024276e-03	-2.572645e+00
4.156034093748985e-03	-2.571472e+00
4.156056733768215e-03	-2.569048e+00
4.156075728359477e-03	-2.565361e+00
4.156095944577906e-03	-2.561288e+00
4.156120235066669e-03	-2.558803e+00
4.156141072498391e-03	-2.559405e+00
4.156161676336802e-03	-2.561690e+00
4.156191577411065e-03	-2.565711e+00
4.156219843527236e-03	-2.569021e+00
4.156233561414055e-03	-2.569551e+00
4.156245580382842e-03	-2.569338e+00
4.156253193451752e-03	-2.569511e+00
4.156261094071211e-03	-2.570050e+00
4.156269323424749e-03	-2.570705e+00
4.156279938361425e-03	-2.571571e+00
4.156298134865278e-03	-2.572842e+00
4.156334527872984e-03	-2.574584e+00
4.156377139254486e-03	-2.575592e+00
4.156419220219300e-03	-2.575739e+00
4.156478404778778e-03	-2.575244e+00
4.156548851836400e-03	-2.574340e+00
4.156626398387162e-03	-2.573388e+00
4.156727787112108e-03	-2.572474e+00
4.156849775288409e-03	-2.571797e+00
4.157044042128498e-03	-2.571147e+00
4.157223569260349e-03	-2.570646e+00
4.157503707120458e-03	-2.569778e+00
4.157811472723026e-03	-2.568758e+00
4.158362589790010e-03	-2.566962e+00
4.159003228493869e-03	-2.564880e+00
4.160126929796608e-03	-2.561214e+00
4.162333515386824e-03	-2.554018e+00
4.166485754625076e-03	-2.540466e+00
4.172300595244005e-03	-2.521480e+00
4.182123691665945e-03	-2.489401e+00
4.318226513887047e-03	-2.044902e+00
4.454329336108148e-03	-1.600712e+00
4.590432158329250e-03	-1.156829e+00
4.726534980550352e-03	-7.132539e-01
4.862637802771453e-03	-2.699868e-01
4.998740624992555e-03	1.729725e-01
5.134843447213656e-03	6.156240e-01
5.204597911499369e-03	8.423532e-01
5.274352375785081e-03	1.068995e+00
5.344106840070795e-03	1.295549e+00
5.413861304356507e-03	1.522016e+00
5.483615768642220e-03	1.748395e+00
5.553370232927933e-03	1.974687e+00
5.623124697213646e-03	2.200891e+00
5.662187197213645e-03	2.327526e+00
5.681718447213644e-03	2.390832e+00
5.701249697213644e-03	2.454133e+00
5.703691103463644e-03	2.462044e+00
5.708573915963644e-03	2.477867e+00
5.709794619088644e-03	2.481822e+00
5.712236025338644e-03	2.489728e+00
5.712581632305268e-03	2.490843e+00
5.712668034046923e-03	2.491119e+00
5.712840837530235e-03	2.491665e+00
5.712884038401062e-03	2.491797e+00
5.712970440142718e-03	2.492053e+00
5.712992040578132e-03	2.492112e+00
5.713035241448960e-03	2.492187e+00
5.713121643190615e-03	2.492177e+00
5.713138240656224e-03	2.492072e+00
5.713171435587441e-03	2.491832e+00
5.713204079807609e-03	2.492187e+00
5.713243440167572e-03	2.492957e+00
5.713271048656749e-03	2.492980e+00
5.713292796024206e-03	2.492836e+00
5.713313587050821e-03	2.492848e+00
5.713343677849583e-03	2.492903e+00
5.713375279612351e-03	2.492987e+00
5.713397898756150e-03	2.493093e+00
5.713412836859211e-03	2.493165e+00
5.713427954992707e-03	2.493176e+00
5.713441198864883e-03	2.493168e+00
5.713455260584611e-03	2.493179e+00
5.713473651579465e-03	2.493192e+00
5.713499345207584e-03	2.493214e+00
5.713525896802556e-03	2.493233e+00
5.713559187741001e-03	2.493241e+00
5.713584858039690e-03	2.493218e+00
5.713603527281235e-03	2.493177e+00
5.713626589518538e-03	2.493111e+00
5.713644000841098e-03	2.493055e+00
5.713663479195373e-03	2.492987e+00
5.713690013814956e-03	2.492889e+00
5.713723275695097e-03	2.492762e+00
5.713788594672646e-03	2.492512e+00
5.713873473089423e-03	2.492199e+00
5.713976009519762e-03	2.491839e+00
5.714075943649405e-03	2.491502e+00
5.714232144293092e-03	2.490985e+00
5.714407392304088e-03	2.490406e+00
5.714648406710880e-03	2.489608e+00
5.714907334140244e-03	2.488749e+00
5.715274521646499e-03	2.487531e+00
5.715738539822291e-03	2.485991e+00
5.716502170535541e-03	2.483455e+00
5.717010482121427e-03	2.481770e+00
5.717459576594424e-03	2.480278e+00
5.717833094326185e-03	2.479035e+00
5.718251653534110e-03	2.477645e+00
5.718641520671926e-03	2.476349e+00
5.719044829486573e-03	2.475008e+00
5.719801832273444e-03	2.472492e+00
5.721138712442512e-03	2.468046e+00
5.723812472780649e-03	2.459154e+00
5.756402518232058e-03	2.350730e+00
5.937764125374911e-03	1.747264e+00
6.119125732517765e-03	1.143917e+00
6.300487339660618e-03	5.406874e-01
6.481848946803471e-03	-6.242371e-02
6.663210553946325e-03	-6.654166e-01
6.844572161089178e-03	-1.268291e+00
7.025933768232031e-03	-1.871047e+00
7.048255196803459e-03	-1.945220e+00
7.070576625374887e-03	-2.019391e+00
7.092898053946315e-03	-2.093559e+00
7.115219482517744e-03	-2.167725e+00
7.137540911089171e-03	-2.241888e+00
7.159862339660599e-03	-2.316049e+00
7.182183768232027e-03	-2.390208e+00
7.201715018232027e-03	-2.455095e+00
7.221246268232027e-03	-2.519981e+00
7.223687674482027e-03	-2.528091e+00
7.228570486982027e-03	-2.544312e+00
7.229791190107027e-03	-2.548367e+00
7.232232596357027e-03	-2.556478e+00
7.232842947919527e-03	-2.558505e+00
7.234063651044527e-03	-2.562560e+00
7.234368826825777e-03	-2.563574e+00
7.234979178388277e-03	-2.565601e+00
7.236199881513277e-03	-2.569655e+00
7.236505057294527e-03	-2.570669e+00
7.236581351239839e-03	-2.570922e+00
7.236733939130464e-03	-2.571428e+00
7.237039114911714e-03	-2.572439e+00
7.237115408857026e-03	-2.572690e+00
7.237267996747651e-03	-2.573188e+00
7.237306143720307e-03	-2.573308e+00
7.237382437665620e-03	-2.573534e+00
7.237401511151948e-03	-2.573578e+00
7.237439658124604e-03	-2.573636e+00
7.237449194867769e-03	-2.573632e+00
7.237468268354097e-03	-2.573473e+00
7.237501535911144e-03	-2.572279e+00
7.237524250577862e-03	-2.569837e+00
7.237543284586283e-03	-2.566145e+00
7.237563566230205e-03	-2.562090e+00
7.237588059145029e-03	-2.559639e+00
7.237609042528400e-03	-2.560281e+00
7.237629815685427e-03	-2.562601e+00
7.237659841517042e-03	-2.566654e+00
7.237686554590297e-03	-2.569811e+00
7.237699996650505e-03	-2.570353e+00
7.237711869075733e-03	-2.570130e+00
7.237719234682160e-03	-2.570266e+00
7.237727247090666e-03	-2.570790e+00
7.237735737186147e-03	-2.571459e+00
7.237747083387966e-03	-2.572387e+00
7.237765509670008e-03	-2.573678e+00
7.237802058757702e-03	-2.575431e+00
7.237844739226782e-03	-2.576438e+00
7.237886919993366e-03	-2.576581e+00
7.237946055315217e-03	-2.576081e+00
7.238016567646262e-03	-2.575172e+00
7.238093997652969e-03	-2.574219e+00
7.238195633917139e-03	-2.573303e+00
7.238317611754862e-03	-2.572628e+00
7.238512975784051e-03	-2.571976e+00
7.238692409534648e-03	-2.571475e+00
7.238972014158265e-03	-2.570608e+00
7.239280398539826e-03	-2.569587e+00
7.239826729202578e-03	-2.567806e+00
7.240471775739938e-03	-2.565710e+00
7.241591422596085e-03	-2.562058e+00
7.243809642757754e-03	-2.554823e+00
7.247942280127257e-03	-2.541335e+00
7.253776863788132e-03	-2.522285e+00
7.263564851295486e-03	-2.490320e+00
7.399674667430250e-03	-2.045798e+00
7.535784483565015e-03	-1.601584e+00
7.671894299699778e-03	-1.157678e+00
7.808004115834542e-03	-7.140796e-01
7.944113931969306e-03	-2.707891e-01
8.080223748104069e-03	1.721935e-01
8.216333564238834e-03	6.148683e-01
8.286088028524546e-03	8.415979e-01
8.355842492810260e-03	1.068240e+00
8.425596957095972e-03	1.294795e+00
8.495351421381685e-03	1.521262e+00
8.565105885667397e-03	1.747641e+00
8.634860349953111e-03	1.973933e+00
8.704614814238823e-03	2.200137e+00
8.743677314238823e-03	2.326772e+00
8.763208564238822e-03	2.390079e+00
8.782739814238822e-03	2.453379e+00
8.785181220488821e-03	2.461291e+00
8.790064032988822e-03	2.477114e+00
8.791284736113823e-03	2.481069e+00
8.793726142363822e-03	2.488977e+00
8.794115209818720e-03	2.490236e+00
8.794212476682444e-03	2.490550e+00
8.794407010409892e-03	2.491177e+00
8.794455643841754e-03	2.491333e+00
8.794552910705479e-03	2.491642e+00
8.794747444432927e-03	2.492250e+00
8.794796077864788e-03	2.492391e+00
8.794893344728513e-03	2.492639e+00
8.794917661444444e-03	2.492678e+00
8.794966294876305e-03	2.492691e+00
8.794978453234271e-03	2.492663e+00
8.795002769950202e-03	2.492475e+00
8.795034200553281e-03	2.492322e+00
8.795071075741741e-03	2.492763e+00
8.795111882517729e-03	2.493430e+00
8.795138493114538e-03	2.493412e+00
8.795162049854373e-03	2.493279e+00
8.795185181818189e-03	2.493309e+00
8.795226880505167e-03	2.493406e+00
8.795258448437381e-03	2.493541e+00
8.795275384393664e-03	2.493615e+00
8.795292099077427e-03	2.493623e+00
8.795305582446991e-03	2.493618e+00
8.795320301063232e-03	2.493630e+00
8.795337472001716e-03	2.493643e+00
8.795361258527644e-03	2.493663e+00
8.795387076886351e-03	2.493682e+00
8.795419739239266e-03	2.493690e+00
8.795445139544021e-03	2.493667e+00
8.795463816309204e-03	2.493627e+00
8.795486789107659e-03	2.493561e+00
8.795503989150069e-03	2.493506e+00
8.795523384208437e-03	2.493439e+00
8.795550222483248e-03	2.493340e+00
8.795584117334681e-03	2.493210e+00
8.795650921866578e-03	2.492955e+00
8.795736888232791e-03	2.492638e+00
8.795841557759951e-03	2.492271e+00
8.795942270657737e-03	2.491932e+00
8.796100835072360e-03	2.491408e+00
8.796276257039179e-03	2.490828e+00
8.796523078495445e-03	2.490010e+00
8.796783570732989e-03	2.489146e+00
8.797154585273793e-03	2.487915e+00
8.797626651142932e-03	2.486348e+00
8.798412127527924e-03	2.483740e+00
8.798905383737232e-03	2.482105e+00
8.799374165573186e-03	2.480547e+00
8.799746089573082e-03	2.479310e+00
8.800160171726074e-03	2.477934e+00
8.800555591590908e-03	2.476620e+00
8.800968071805844e-03	2.475248e+00
8.801674882251330e-03	2.472899e+00
8.802902066669166e-03	2.468818e+00
8.805356435504837e-03	2.460656e+00
8.836367220508550e-03	2.357487e+00
9.017728827651403e-03	1.754021e+00
9.199090434794256e-03	1.150672e+00
9.380452041937111e-03	5.474415e-01
9.561813649079964e-03	-5.567091e-02
9.743175256222817e-03	-6.586652e-01
9.924536863365670e-03	-1.261541e+00
1.010589847050852e-02	-1.864299e+00
1.012821989907995e-02	-1.938472e+00
1.015054132765138e-02	-2.012643e+00
1.017286275622281e-02	-2.086811e+00
1.019518418479423e-02	-2.160977e+00
1.021750561336566e-02	-2.235141e+00
1.023982704193709e-02	-2.309302e+00
1.026214847050852e-02	-2.383461e+00
1.028167972050852e-02	-2.448349e+00
1.030121097050852e-02	-2.513235e+00
1.030365237675852e-02	-2.521345e+00
1.030853518925852e-02	-2.537566e+00
1.030975589238352e-02	-2.541621e+00
1.031219729863352e-02	-2.549731e+00
1.031708011113352e-02	-2.565952e+00
1.031778994285349e-02	-2.568309e+00
1.031796740078348e-02	-2.568898e+00
1.031832231664347e-02	-2.570077e+00
1.031841104560846e-02	-2.570372e+00
1.031858850353846e-02	-2.570960e+00
1.031894341939844e-02	-2.572137e+00
1.031903214836344e-02	-2.572429e+00
1.031920960629343e-02	-2.573008e+00
1.031925397077593e-02	-2.573143e+00
1.031934269974093e-02	-2.573375e+00
1.031936488198217e-02	-2.573358e+00
1.031940924646467e-02	-2.573061e+00
1.031941593998815e-02	-2.572879e+00
1.031942932703511e-02	-2.571961e+00
1.031944665002092e-02	-2.569730e+00
1.031946340466588e-02	-2.566407e+00
1.031948280863628e-02	-2.562329e+00
1.031950617880636e-02	-2.559443e+00
1.031952624484699e-02	-2.559614e+00
1.031954590744297e-02	-2.561598e+00
1.031957744853207e-02	-2.565745e+00
1.031961054678903e-02	-2.569573e+00
1.031962531410190e-02	-2.570129e+00
1.031963809204243e-02	-2.569979e+00
1.031964633909510e-02	-2.570273e+00
1.031965390260806e-02	-2.570855e+00
1.031966193746658e-02	-2.571516e+00
1.031967241584238e-02	-2.572368e+00
1.031969053498252e-02	-2.573600e+00
1.031972677326279e-02	-2.575253e+00
1.031977101196601e-02	-2.576215e+00
1.031981343869388e-02	-2.576309e+00
1.031987248531904e-02	-2.575774e+00
1.031994283992184e-02	-2.574859e+00
1.032002201736776e-02	-2.573899e+00
1.032012671810552e-02	-2.572983e+00
1.032025035149780e-02	-2.572319e+00
1.032043049810605e-02	-2.571728e+00
1.032061896995535e-02	-2.571205e+00
1.032088491845932e-02	-2.570380e+00
1.032120833314515e-02	-2.569308e+00
1.032174305096105e-02	-2.567565e+00
1.032242032451183e-02	-2.565364e+00
1.032355101663070e-02	-2.561676e+00
1.032581240086844e-02	-2.554300e+00
1.032993109995453e-02	-2.540858e+00
1.033587647500626e-02	-2.521446e+00
1.034569222755316e-02	-2.489390e+00
1.048184085319790e-02	-2.044742e+00
1.061798947884265e-02	-1.600402e+00
1.075413810448739e-02	-1.156370e+00
1.089028673013214e-02	-7.126461e-01
1.102643535577689e-02	-2.692303e-01
1.116258398142163e-02	1.738775e-01
1.129873260706638e-02	6.166772e-01
1.136848707135209e-02	8.434061e-01
1.143824153563780e-02	1.070047e+00
1.150799599992352e-02	1.296601e+00
1.157775046420923e-02	1.523068e+00
1.164750492849494e-02	1.749446e+00
1.171725939278065e-02	1.975738e+00
1.178701385706637e-02	2.201941e+00
1.182607635706637e-02	2.328576e+00
1.184560760706637e-02	2.391882e+00
1.186513885706636e-02	2.455182e+00
1.186758026331636e-02	2.463094e+00
1.187246307581637e-02	2.478917e+00
1.187350795549794e-02	2.482302e+00
1.187559771486108e-02	2.489071e+00
1.187598327500643e-02	2.490318e+00
1.187607966504277e-02	2.490629e+00
1.187627244511544e-02	2.491250e+00
1.187632064013361e-02	2.491405e+00
1.187641703016995e-02	2.491709e+00
1.187660981024262e-02	2.492303e+00
1.187665800526079e-02	2.492432e+00
1.187675439529713e-02	2.492620e+00
1.187677849280621e-02	2.492593e+00
1.187682668782438e-02	2.492324e+00
1.187683644698523e-02	2.492218e+00
1.187685596530694e-02	2.492150e+00
1.187688470987701e-02	2.492638e+00
1.187691946248222e-02	2.493309e+00
1.187694440818064e-02	2.493338e+00
1.187696459453162e-02	2.493219e+00
1.187698388206675e-02	2.493208e+00
1.187701200541766e-02	2.493248e+00
1.187704223145146e-02	2.493318e+00
1.187707211801745e-02	2.493445e+00
1.187708758914463e-02	2.493517e+00
1.187710624722647e-02	2.493535e+00
1.187711968629514e-02	2.493531e+00
1.187713482377709e-02	2.493544e+00
1.187715524755515e-02	2.493559e+00
1.187718254162169e-02	2.493582e+00
1.187721185184984e-02	2.493600e+00
1.187724507852725e-02	2.493597e+00
1.187727385822004e-02	2.493555e+00
1.187729518997981e-02	2.493500e+00
1.187731858623004e-02	2.493426e+00
1.187734601848624e-02	2.493331e+00
1.187737379496505e-02	2.493227e+00
1.187740958208626e-02	2.493090e+00
1.187745286947436e-02	2.492924e+00
1.187751316857792e-02	2.492698e+00
1.187759648009940e-02	2.492399e+00
1.187770049031687e-02	2.492043e+00
1.187782964184280e-02	2.491612e+00
1.187799883021300e-02	2.491053e+00
1.187820412861406e-02	2.490374e+00
1.187845513608413e-02	2.489542e+00
1.187876097606922e-02	2.488528e+00
1.187917417305440e-02	2.487156e+00
1.187976899379302e-02	2.485182e+00
1.188071860966299e-02	2.482031e+00
1.188124908575268e-02	2.480268e+00
1.188171462649931e-02	2.478720e+00
1.188223180095018e-02	2.477001e+00
1.188271634056739e-02	2.475391e+00
1.188316635072158e-02	2.473894e+00
1.188383252319178e-02	2.471680e+00
1.188476188880311e-02	2.468589e+00
1.189021286843451e-02	2.450459e+00
1.193793479564199e-02	2.291673e+00
1.198565672284947e-02	2.132891e+00
1.203337865005694e-02	1.974111e+00
1.208110057726442e-02	1.815336e+00
1.212882250447190e-02	1.656564e+00
1.217654443167938e-02	1.497795e+00
1.222426635888686e-02	1.339030e+00
1.236935564460114e-02	8.563872e-01
1.251444493031542e-02	3.738255e-01
1.265953421602971e-02	-1.086547e-01
1.280462350174399e-02	-5.910533e-01
1.294971278745827e-02	-1.073370e+00
1.309480207317255e-02	-1.555606e+00
1.323989135888684e-02	-2.037760e+00
1.325663243031541e-02	-2.093386e+00
1.327337350174398e-02	-2.149011e+00
1.329011457317255e-02	-2.204634e+00
1.330685564460112e-02	-2.260256e+00
1.332359671602969e-02	-2.315877e+00
1.334033778745826e-02	-2.371496e+00
1.335707885888683e-02	-2.427114e+00
1.337661010888683e-02	-2.492000e+00
1.339614135888683e-02	-2.556884e+00
1.339722835604772e-02	-2.560495e+00
1.339750010533794e-02	-2.561398e+00
1.339804360391838e-02	-2.563203e+00
1.339913060107926e-02	-2.566813e+00
1.339940235036948e-02	-2.567715e+00
1.339994584894992e-02	-2.569517e+00
1.340008172359503e-02	-2.569965e+00
1.340011569225631e-02	-2.570076e+00
1.340018362957886e-02	-2.570297e+00
1.340020061390950e-02	-2.570351e+00
1.340023458257078e-02	-2.570457e+00
1.340030251989334e-02	-2.570659e+00
1.340031950422397e-02	-2.570702e+00
1.340035347288525e-02	-2.570767e+00
1.340036196505057e-02	-2.570775e+00
1.340037894938121e-02	-2.570726e+00
1.340041291804249e-02	-2.570429e+00
1.340041948834026e-02	-2.570241e+00
1.340043262893579e-02	-2.569332e+00
1.340044968425503e-02	-2.567095e+00
1.340046624931793e-02	-2.563753e+00
1.340048538917170e-02	-2.559698e+00
1.340050897848935e-02	-2.556806e+00
1.340052895446416e-02	-2.557027e+00
1.340054854867501e-02	-2.559046e+00
1.340058008555506e-02	-2.563199e+00
1.340061378450703e-02	-2.567065e+00
1.340062871567934e-02	-2.567613e+00
1.340064166355006e-02	-2.567463e+00
1.340065000061051e-02	-2.567760e+00
1.340065763188662e-02	-2.568342e+00
1.340066572824296e-02	-2.568996e+00
1.340067622949990e-02	-2.569832e+00
1.340069437080727e-02	-2.571033e+00
1.340073065342201e-02	-2.572639e+00
1.340077508023621e-02	-2.573567e+00
1.340081772018583e-02	-2.573648e+00
1.340087692755445e-02	-2.573112e+00
1.340094752498327e-02	-2.572206e+00
1.340102710160261e-02	-2.571257e+00
1.340113260653126e-02	-2.570349e+00
1.340125715260240e-02	-2.569691e+00
1.340143860735615e-02	-2.569100e+00
1.340162859796819e-02	-2.568570e+00
1.340189809240116e-02	-2.567729e+00
1.340223249531925e-02	-2.566622e+00
1.340276209131487e-02	-2.564896e+00
1.340348202466178e-02	-2.562556e+00
1.340461662938335e-02	-2.558855e+00
1.340688583882647e-02	-2.551454e+00
1.341106157304932e-02	-2.537825e+00
1.341711639802817e-02	-2.518056e+00
1.342707152800223e-02	-2.485545e+00
1.356324944425772e-02	-2.040804e+00
1.369942736051320e-02	-1.596371e+00
1.383560527676869e-02	-1.152246e+00
1.397178319302417e-02	-7.084294e-01
1.410796110927966e-02	-2.649212e-01
1.424413902553514e-02	1.782787e-01
1.438031694179063e-02	6.211703e-01
1.445007140607634e-02	8.478975e-01
1.451982587036205e-02	1.074537e+00
1.458958033464776e-02	1.301089e+00
1.465933479893348e-02	1.527554e+00
1.472908926321919e-02	1.753931e+00
1.479884372750490e-02	1.980220e+00
1.486859819179061e-02	2.206422e+00
1.490766069179061e-02	2.333056e+00
1.492719194179061e-02	2.396362e+00
1.494672319179061e-02	2.459661e+00
1.494916459804061e-02	2.467573e+00
1.495404741054061e-02	2.483395e+00
1.495451291107164e-02	2.484903e+00
1.495544391213371e-02	2.487919e+00
1.495567666239923e-02	2.488672e+00
1.495614216293026e-02	2.490178e+00
1.495625853806301e-02	2.490553e+00
1.495649128832853e-02	2.491302e+00
1.495654947589491e-02	2.491488e+00
1.495666585102767e-02	2.491858e+00
1.495669494481086e-02	2.491949e+00
1.495675313237724e-02	2.492126e+00
1.495686950751000e-02	2.492462e+00
1.495689860129319e-02	2.492533e+00
1.495695678885956e-02	2.492641e+00
1.495697133575116e-02	2.492652e+00
1.495700042953435e-02	2.492638e+00
1.495700770298015e-02	2.492622e+00
1.495702224987174e-02	2.492534e+00
1.495705134365493e-02	2.492276e+00
1.495708827093909e-02	2.492491e+00
1.495712468727136e-02	2.493274e+00
1.495715235726596e-02	2.493407e+00
1.495717299467963e-02	2.493254e+00
1.495719271578336e-02	2.493243e+00
1.495721981666023e-02	2.493274e+00
1.495725025622931e-02	2.493342e+00
1.495729068329986e-02	2.493496e+00
1.495730994005996e-02	2.493564e+00
1.495732760729476e-02	2.493568e+00
1.495734273905554e-02	2.493567e+00
1.495735672393637e-02	2.493581e+00
1.495737117568733e-02	2.493590e+00
1.495738921997184e-02	2.493606e+00
1.495740989987925e-02	2.493619e+00
1.495745125969406e-02	2.493623e+00
1.495748097524934e-02	2.493588e+00
1.495750257429161e-02	2.493535e+00
1.495752719410816e-02	2.493458e+00
1.495755045623756e-02	2.493378e+00
1.495757434791024e-02	2.493290e+00
1.495760358771052e-02	2.493178e+00
1.495763783614910e-02	2.493046e+00
1.495768700579637e-02	2.492858e+00
1.495775667269531e-02	2.492602e+00
1.495785854113869e-02	2.492244e+00
1.495795930055219e-02	2.491904e+00
1.495811865629132e-02	2.491376e+00
1.495829012581358e-02	2.490809e+00
1.495853251261802e-02	2.490006e+00
1.495878751703066e-02	2.489161e+00
1.495915721460617e-02	2.487934e+00
1.495961238837906e-02	2.486423e+00
1.496037357041944e-02	2.483896e+00
1.496088860801622e-02	2.482188e+00
1.496133332908595e-02	2.480711e+00
1.496171053284755e-02	2.479456e+00
1.496213315804496e-02	2.478052e+00
1.496252650800590e-02	2.476745e+00
1.496293148303569e-02	2.475398e+00
1.496371245967371e-02	2.472802e+00
1.496507800674084e-02	2.468261e+00
1.496780910087509e-02	2.459178e+00
1.500088264520853e-02	2.349145e+00
1.518224425235138e-02	1.745680e+00
1.536360585949424e-02	1.142332e+00
1.554496746663709e-02	5.391031e-01
1.572632907377994e-02	-6.400770e-02
1.590769068092280e-02	-6.670002e-01
1.608905228806565e-02	-1.269874e+00
1.627041389520850e-02	-1.872630e+00
1.629273532377993e-02	-1.946803e+00
1.631505675235136e-02	-2.020974e+00
1.633737818092279e-02	-2.095142e+00
1.635969960949421e-02	-2.169307e+00
1.638202103806564e-02	-2.243471e+00
1.640434246663707e-02	-2.317632e+00
1.642666389520850e-02	-2.391791e+00
1.644619514520850e-02	-2.456678e+00
1.646572639520850e-02	-2.521563e+00
1.646816780145850e-02	-2.529674e+00
1.647305061395850e-02	-2.545895e+00
1.647427131708350e-02	-2.549950e+00
1.647671272333350e-02	-2.558060e+00
1.647732307489600e-02	-2.560087e+00
1.647854377802100e-02	-2.564142e+00
1.647884895380225e-02	-2.565156e+00
1.647945930536475e-02	-2.567183e+00
1.648068000848974e-02	-2.571235e+00
1.648090646367350e-02	-2.571984e+00
1.648096307746944e-02	-2.572169e+00
1.648107630506132e-02	-2.572535e+00
1.648110461195929e-02	-2.572623e+00
1.648116122575523e-02	-2.572790e+00
1.648117537920422e-02	-2.572826e+00
1.648120368610219e-02	-2.572840e+00
1.648126029989813e-02	-2.572642e+00
1.648126795421969e-02	-2.572468e+00
1.648128326286283e-02	-2.571528e+00
1.648130051559270e-02	-2.569434e+00
1.648131757559004e-02	-2.566128e+00
1.648133732905363e-02	-2.561951e+00
1.648135993237694e-02	-2.558996e+00
1.648137980472278e-02	-2.559002e+00
1.648139915662581e-02	-2.560850e+00
1.648142894355528e-02	-2.564739e+00
1.648146333345457e-02	-2.568861e+00
1.648147858268195e-02	-2.569560e+00
1.648149282543358e-02	-2.569460e+00
1.648150143076529e-02	-2.569756e+00
1.648150922552620e-02	-2.570354e+00
1.648151856771979e-02	-2.571129e+00
1.648153054361196e-02	-2.572089e+00
1.648155073916590e-02	-2.573391e+00
1.648159113027380e-02	-2.575029e+00
1.648163738544153e-02	-2.575805e+00
1.648168284493886e-02	-2.575747e+00
1.648174220568729e-02	-2.575113e+00
1.648181411887132e-02	-2.574160e+00
1.648189640152076e-02	-2.573209e+00
1.648200582810998e-02	-2.572336e+00
1.648213837188552e-02	-2.571701e+00
1.648233473985061e-02	-2.571103e+00
1.648253295148700e-02	-2.570546e+00
1.648280471788549e-02	-2.569679e+00
1.648320197044685e-02	-2.568363e+00
1.648366139731891e-02	-2.566870e+00
1.648458025106304e-02	-2.563880e+00
1.648567743723219e-02	-2.560302e+00
1.648787180957048e-02	-2.553145e+00
1.649226055424708e-02	-2.538820e+00
1.649865589695692e-02	-2.517938e+00
1.650906987512689e-02	-2.483928e+00
1.664530839702080e-02	-2.038990e+00
1.678154691891471e-02	-1.594360e+00
1.691778544080861e-02	-1.150038e+00
1.705402396270252e-02	-7.060258e-01
1.719026248459643e-02	-2.623219e-01
1.732650100649034e-02	1.810732e-01
1.746273952838424e-02	6.241596e-01
1.753249399266996e-02	8.508857e-01
1.760224845695567e-02	1.077524e+00
1.767200292124138e-02	1.304075e+00
1.774175738552710e-02	1.530539e+00
1.781151184981281e-02	1.756914e+00
1.788126631409852e-02	1.983203e+00
1.795102077838423e-02	2.209404e+00
1.799008327838423e-02	2.336036e+00
1.800961452838423e-02	2.399342e+00
1.802914577838423e-02	2.462641e+00
1.803146861719707e-02	2.470168e+00
1.803611429482275e-02	2.485221e+00
1.803655170399752e-02	2.486638e+00
1.803742652234707e-02	2.489470e+00
1.803764522693446e-02	2.490177e+00
1.803769990308130e-02	2.490353e+00
1.803780925537499e-02	2.490704e+00
1.803802795996238e-02	2.491400e+00
1.803808263610923e-02	2.491570e+00
1.803819198840292e-02	2.491900e+00
1.803821932647634e-02	2.491977e+00
1.803827400262319e-02	2.492119e+00
1.803828767165990e-02	2.492150e+00
1.803831500973332e-02	2.492186e+00
1.803836968588017e-02	2.492182e+00
1.803838335491688e-02	2.492130e+00
1.803841069299031e-02	2.491911e+00
1.803841752750866e-02	2.491828e+00
1.803843119654537e-02	2.491722e+00
1.803845853461880e-02	2.492070e+00
1.803849010422899e-02	2.492818e+00
1.803851416397083e-02	2.492966e+00
1.803853304037444e-02	2.492854e+00
1.803855314153150e-02	2.492814e+00
1.803857747310444e-02	2.492822e+00
1.803861103000154e-02	2.492885e+00
1.803864978369042e-02	2.493026e+00
1.803866773635728e-02	2.493099e+00
1.803869411090650e-02	2.493130e+00
1.803870773293792e-02	2.493132e+00
1.803872422571099e-02	2.493148e+00
1.803874810181173e-02	2.493167e+00
1.803878397331981e-02	2.493194e+00
1.803882008068309e-02	2.493201e+00
1.803884758623275e-02	2.493173e+00
1.803886678375942e-02	2.493128e+00
1.803889037807485e-02	2.493058e+00
1.803890954919897e-02	2.492995e+00
1.803893011953489e-02	2.492922e+00
1.803895636043778e-02	2.492823e+00
1.803898803143388e-02	2.492701e+00
1.803904136250988e-02	2.492497e+00
1.803912510756817e-02	2.492187e+00
1.803921482041314e-02	2.491870e+00
1.803932367584977e-02	2.491502e+00
1.803946384519315e-02	2.491036e+00
1.803964964557732e-02	2.490422e+00
1.803987035143323e-02	2.489691e+00
1.804013814918886e-02	2.488804e+00
1.804047463302416e-02	2.487687e+00
1.804094108710325e-02	2.486139e+00
1.804164100273929e-02	2.483815e+00
1.804218272550960e-02	2.482018e+00
1.804260325558533e-02	2.480623e+00
1.804301130702778e-02	2.479265e+00
1.804346433119651e-02	2.477760e+00
1.804388577367748e-02	2.476359e+00
1.804431150796870e-02	2.474943e+00
1.804516297655116e-02	2.472112e+00
1.804686591371607e-02	2.466450e+00
1.805027178804590e-02	2.455122e+00
1.808848905650747e-02	2.327974e+00
1.826706048507890e-02	1.733795e+00
1.844563191365032e-02	1.139730e+00
1.862420334222175e-02	5.457804e-01
1.880277477079317e-02	-4.805477e-02
1.898134619936460e-02	-6.417752e-01
1.915991762793602e-02	-1.235381e+00
1.933848905650744e-02	-1.828872e+00
1.936360066365030e-02	-1.912318e+00
1.938871227079316e-02	-1.995760e+00
1.941382387793602e-02	-2.079200e+00
1.943893548507887e-02	-2.162637e+00
1.946404709222173e-02	-2.246071e+00
1.948915869936458e-02	-2.329502e+00
1.951427030650744e-02	-2.412930e+00
1.953380155650744e-02	-2.477816e+00
1.955333280650744e-02	-2.542701e+00
1.955577421275744e-02	-2.550811e+00
1.956065702525744e-02	-2.567031e+00
1.956078511669276e-02	-2.567456e+00
1.956104129956339e-02	-2.568307e+00
1.956155366530464e-02	-2.570006e+00
1.956168175673996e-02	-2.570430e+00
1.956171377959879e-02	-2.570536e+00
1.956177782531645e-02	-2.570746e+00
1.956190591675176e-02	-2.571164e+00
1.956193793961059e-02	-2.571265e+00
1.956200198532825e-02	-2.571460e+00
1.956201799675766e-02	-2.571504e+00
1.956205001961649e-02	-2.571557e+00
1.956210363622346e-02	-2.571530e+00
1.956211415665328e-02	-2.571414e+00
1.956213519751291e-02	-2.570649e+00
1.956215358856895e-02	-2.568937e+00
1.956217219288726e-02	-2.565670e+00
1.956219378846284e-02	-2.561038e+00
1.956221431115606e-02	-2.557946e+00
1.956223364229121e-02	-2.557529e+00
1.956225280546919e-02	-2.559082e+00
1.956227875399090e-02	-2.562346e+00
1.956231184944184e-02	-2.566689e+00
1.956232911005011e-02	-2.568201e+00
1.956234251755831e-02	-2.568343e+00
1.956235029543337e-02	-2.568237e+00
1.956235829936600e-02	-2.568469e+00
1.956236568014071e-02	-2.568955e+00
1.956237287124313e-02	-2.569517e+00
1.956238646902562e-02	-2.570597e+00
1.956240623912220e-02	-2.571911e+00
1.956244362471817e-02	-2.573543e+00
1.956248921455488e-02	-2.574450e+00
1.956253198084049e-02	-2.574497e+00
1.956259115840686e-02	-2.573935e+00
1.956266172337051e-02	-2.573020e+00
1.956274210985118e-02	-2.572067e+00
1.956284863502564e-02	-2.571166e+00
1.956297520428447e-02	-2.570512e+00
1.956315815749061e-02	-2.569926e+00
1.956335039577798e-02	-2.569390e+00
1.956361821706546e-02	-2.568551e+00
1.956396497228879e-02	-2.567402e+00
1.956447503546261e-02	-2.565740e+00
1.956524767312122e-02	-2.563228e+00
1.956635827333718e-02	-2.559606e+00
1.956857947376910e-02	-2.552361e+00
1.957278575759434e-02	-2.538632e+00
1.957888145781833e-02	-2.518730e+00
1.958888402352053e-02	-2.486064e+00
1.964415394797362e-02	-2.305537e+00
1.969942387242673e-02	-2.125055e+00
1.975469379687982e-02	-1.944620e+00
1.980996372133292e-02	-1.764231e+00
1.986523364578602e-02	-1.583888e+00
1.992050357023912e-02	-1.403591e+00
1.997577349469222e-02	-1.223340e+00
1.999530474469222e-02	-1.159656e+00
2.000000000000000e-02	-1.144347e+00
